Name
Hamburg      20001  1754317   755264     6     53 33   10 00
Muenchen     80331  1331445   310430   519     48 08   11 35
Stuttgart    70173   593639   207360   245     48 47    9 11
Esslingen    73701    92091    46430   401     48 44    9 19
Frankfurt    60001   661877   248310   112     50 07    8 41
Helgoland    27498     1127        2    40     54 11    7 53
Koeln        50441   986168   405150    37     50 56    6 57
Berlin       10001  3405259   891850    34     52 31   13 24
Hannover     30001   515559   204010    55     52 22    9 44
Nuernberg    90001   500967   186380   302     49 27   11 05
Saarbruecken 66001   180515   167070   230     49 14    7 00
Trier        54290   101685   117140   124     49 45    6 38
Kiel         24103   232340   118600     5     54 20   10 08
Freiburg     79098   215996   153070   278     47 59    7 51
Karlsruhe    76133   285812   173460   115     49 01    8 24
Mannheim     68001   308070   144960    97     49 29    8 28
Dresden       1001   504486   328300   113     51 03   13 44
Konstanz     78462    81217    55650   405     47 40    9 11
